% Warren Bridge Truss — Hibbeler Problem 6.43
% Determine forces in EG, FG, FH

NODES
1   0.0   0.0
2   5.0   0.0
3   10.0  0.0
4   15.0  0.0
5   20.0  0.0
6   25.0  0.0
7   2.5   6.0
8   7.5   6.0
9   12.5  6.0
10  17.5  6.0
11  22.5  6.0

ELEMENTS
1   1  2  200e9  1e-3
2   2  3  200e9  1e-3
3   3  4  200e9  1e-3
4   4  5  200e9  1e-3
5   5  6  200e9  1e-3
6   7  8  200e9  1e-3
7   8  9  200e9  1e-3
8   9  10 200e9  1e-3
9   10 11 200e9  1e-3
10  1  7  200e9  1e-3
11  7  2  200e9  1e-3
12  2  8  200e9  1e-3
13  8  3  200e9  1e-3
14  3  9  200e9  1e-3
15  9  4  200e9  1e-3
16  4  10 200e9  1e-3
17  10 5  200e9  1e-3
18  5  11 200e9  1e-3
19  11 6  200e9  1e-3

FORCES
2  0  -3e3
3  0  -3e3

SUPPORTS
1  0  1
6  1  1